-4380225 1111955 
-4380224 1111961 
-4380224 1111967 
-4380223 1111974 
-4380223 1111980 
-4380222 1111986 
-4380222 1111992 
-4380222 1111998 
-4380221 1112004 
-4380221 1112010 
-4380220 1112017 
-4380220 1112023 
-4380219 1112029 
-4380219 1112035 
-4380219 1112041 
-4380218 1112047 
-4380218 1112054 
-4380217 1112060 
-4380217 1112066 
-4380216 1112072 
-4380216 1112078 
-4380216 1112084 
-4380215 1112091 
-4380215 1112097 
-4380214 1112103 
-4380214 1112109 
-4380213 1112115 
-4380213 1112121 
-4380213 1112127 
-4380212 1112134 
-4380212 1112140 
-4380211 1112146 
