2
#####
6.953 46.927
6.95 46.93
6.95 46.93
6.92 46.93
6.92 46.95
6.95 46.95
6.95 46.93
6.92 46.93
6.92 46.95
6.95 46.95
6.95 46.93
6.92 46.93
6.92 46.95
6.95 46.95
6.95 46.93
6.92 46.93
6.92 46.95
6.95 46.95
6.95 46.93
6.92 46.93
6.92 46.95
6.95 46.95
6.95 46.93
6.92 46.93
6.92 46.95
6.95 46.95
6.95 46.93
6.92 46.93
6.92 46.95
6.95 46.95
6.95 46.93
6.92 46.93
6.92 46.95
6.95 46.95
6.95 46.93
6.92 46.93
6.92 46.95
6.95 46.95
6.95 46.93
6.92 46.93
6.92 46.95
6.95 46.95
6.95 46.93
6.92 46.93
6.92 46.95
6.95 46.95
6.95 46.93
6.92 46.93
6.92 46.95
6.95 46.95
6.95 46.93
6.92 46.93
6.92 46.95
6.95 46.95
6.95 46.93
6.92 46.93
6.92 46.95
6.95 46.95
6.95 46.93
6.92 46.93
6.92 46.95
6.95 46.95
6.95 46.93
6.92 46.93
6.92 46.95
6.95 46.95
6.95 46.93
6.92 46.93
6.92 46.95
6.95 46.95
6.95 46.93
6.92 46.93
6.92 46.95
6.95 46.95
6.95 46.93
6.92 46.93
6.92 46.95
6.95 46.95
6.95 46.93
6.92 46.93
6.92 46.95
6.95 46.95
6.95 46.93
6.92 46.93
6.92 46.95
6.95 46.95
6.95 46.93
6.92 46.93
6.92 46.95
6.95 46.95
6.95 46.93
6.92 46.93
6.92 46.95
6.95 46.95
6.95 46.93
6.92 46.93
6.92 46.95
6.95 46.95
6.95 46.93
######
######

