2
#####
6.953 46.927
6.95 46.93
6.90 46.93
6.90 46.965
6.95 46.965
6.95 46.93
6.90 46.93
6.90 46.965
6.95 46.965
6.95 46.93
6.90 46.93
6.90 46.965
6.95 46.965
6.95 46.93
6.90 46.93
6.90 46.965
6.95 46.965
6.95 46.93
6.90 46.93
6.90 46.965
6.95 46.965
6.95 46.93
6.90 46.93
6.90 46.965
6.95 46.965
6.95 46.93
6.90 46.93
6.90 46.965
6.95 46.965
6.95 46.93
6.90 46.93
6.90 46.965
6.95 46.965
6.95 46.93
6.90 46.93
6.90 46.965
6.95 46.965
6.95 46.93
6.90 46.93
6.90 46.965
6.95 46.965
6.95 46.93
6.90 46.93
6.90 46.965
6.95 46.965
6.95 46.93
6.90 46.93
6.90 46.965
6.95 46.965
6.95 46.93
6.90 46.93
6.90 46.965
6.95 46.965
6.95 46.93
6.90 46.93
6.90 46.965
6.95 46.965
6.95 46.93
6.90 46.93
6.90 46.965
6.95 46.965
6.95 46.93
6.90 46.93
6.90 46.965
6.95 46.965
6.95 46.93
6.90 46.93
6.90 46.965
6.95 46.965
6.95 46.93
6.90 46.93
6.90 46.965
6.95 46.965
6.95 46.93
6.90 46.93
6.90 46.965
6.95 46.965
6.95 46.93
6.90 46.93
6.90 46.965
6.95 46.965
6.95 46.93
6.90 46.93
6.90 46.965
6.95 46.965
6.95 46.93
6.90 46.93
6.90 46.965
6.95 46.965
6.95 46.93
6.90 46.93
6.90 46.965
6.95 46.965
6.95 46.93
6.90 46.93
6.90 46.965
6.95 46.965
6.95 46.93
######
######

