129.025159 167.845200 -10.000000 0.596221 30.000000 
129.025159 167.930954 -10.000000 0.587761 30.000000 
129.025159 168.027267 -10.000000 -0.169798 30.000000 
129.025159 168.146484 -10.000000 0.879250 30.000000 
129.025159 168.216980 -10.000000 -0.404098 30.000000 
129.025159 168.279770 -10.000000 -0.326547 30.000000 
129.025159 168.346863 -10.000000 -0.324126 30.000000 
129.025159 168.423706 -10.000000 0.264341 30.000000 
129.025159 168.473373 -10.000000 -0.223181 30.000000 
129.025159 168.568604 -10.000000 -0.299318 30.000000 
129.025159 168.646561 -10.000000 -0.224094 30.000000 
129.354447 168.750687 -10.000000 0.699977 30.000000 
129.560946 168.792953 -10.000000 0.009080 30.000000 
130.166694 168.879318 -10.000000 0.290271 30.000000 
130.404186 168.960556 -10.000000 -0.119852 30.000000 
130.588119 169.047318 -10.000000 -0.197261 30.000000 
130.721483 169.111969 -10.000000 0.606516 30.000000 
132.270001 169.202057 -10.000000 0.440116 30.000000 
132.360705 169.306259 -10.000000 0.313980 30.000000 
132.534885 169.372986 -10.000000 -0.120714 30.000000 
132.819696 169.443054 -10.000000 0.032195 30.000000 
133.128247 169.492920 -10.000000 0.135537 30.000000 
134.970013 169.560532 -10.000000 -0.145905 30.000000 
135.129975 169.637619 -10.000000 0.341119 30.000000 
135.175657 169.720581 -10.000000 0.393135 30.000000 
135.204022 169.769653 -10.000000 0.316563 30.000000 
136.467008 169.842072 -10.000000 0.058749 30.000000 
136.350799 169.919403 -10.000000 0.239915 30.000000 
136.545622 169.999252 -10.000000 0.173989 30.000000 
136.706990 170.069031 -10.000000 0.327255 30.000000 
137.989918 170.139450 -10.000000 0.032278 30.000000 
137.577573 170.208298 -10.000000 -0.030160 30.000000 
137.506919 170.287491 -10.000000 0.492073 30.000000 
137.465898 170.330307 -10.000000 0.274846 30.000000 
138.719291 170.414505 -10.000000 -0.030141 30.000000 
138.142205 170.501083 -10.000000 0.645859 30.000000 
138.463263 170.557602 -10.000000 0.020363 30.000000 
138.592675 170.590714 -10.000000 0.110382 30.000000 
139.672165 170.668594 -10.000000 0.240201 30.000000 
138.630588 170.754562 -10.000000 0.263411 30.000000 
138.921423 170.836533 -10.000000 0.431250 30.000000 
139.241534 170.917297 -10.000000 0.645231 30.000000 
140.075022 170.984497 -10.000000 0.236434 30.000000 
138.881950 171.065125 -10.000000 0.135507 30.000000 
138.983541 171.135452 -10.000000 -0.479251 30.000000 
139.156244 171.202805 -10.000000 -0.453079 30.000000 
139.069236 171.261429 -10.000000 -0.068274 30.000000 
138.720459 171.338470 -10.000000 0.493256 30.000000 
139.008042 171.405029 -10.000000 -0.040101 30.000000 
139.793508 171.479111 -10.000000 -0.079685 30.000000 
140.507593 171.535828 -10.000000 0.775331 30.000000 
139.556886 171.613922 -10.000000 0.110513 0.000000 
139.460286 171.661789 -10.000000 0.210968 0.000000 
139.695792 171.713806 -10.000000 0.264328 0.000000 
140.409021 171.774139 -10.000000 0.365421 0.000000 
143.318737 171.843765 -10.000000 0.392545 0.000000 
167.475449 171.913208 -4.437759 0.238976 0.000000 
167.475449 171.983749 -4.508301 0.210650 0.000000 
167.475449 172.051758 -4.576309 0.517881 0.000000 
167.475449 172.122360 -4.646912 0.338912 0.000000 
167.475449 172.198868 -4.723419 0.418717 0.000000 
167.475449 172.256775 -4.781326 0.134445 0.000000 
167.475449 172.297470 -4.822021 -0.658284 0.000000 
167.475449 172.355377 -4.879929 -0.579794 0.000000 
167.475449 172.429169 -4.953720 0.073374 0.000000 
167.475449 172.492310 -5.016861 0.134889 0.000000 
167.475449 172.554794 -5.079346 0.416244 0.000000 
167.475449 172.628296 -5.152847 0.239421 0.000000 
167.475449 172.717514 -5.242065 1.236658 0.000000 
167.475449 172.770401 -5.294952 0.111551 0.000000 
167.475449 172.823196 -5.347748 -0.339757 0.000000 
167.475449 172.855972 -5.380524 -0.029969 0.000000 
167.475449 172.909241 -5.433792 0.033689 0.000000 
167.475449 172.961411 -5.485962 0.365911 0.000000 
167.475449 173.018372 -5.542923 0.134594 0.000000 
167.475449 173.084778 -5.609329 0.380103 0.000000 
167.475449 173.161087 -5.685638 0.430217 0.000000 
167.475449 173.245224 -5.769775 0.674716 0.000000 
167.475449 173.288834 -5.813385 0.083509 0.000000 
167.475449 173.348969 -5.873520 0.493418 0.000000 
167.475449 173.423752 -5.948303 0.470434 0.000000 
167.475449 173.514557 -6.039108 0.674765 0.000000 
167.475449 173.605209 -6.129761 0.526048 0.000000 
167.475449 173.685059 -6.209610 0.886063 0.000000 
167.475449 173.779114 -6.303665 0.631091 0.000000 
167.475449 173.856369 -6.380920 0.491302 0.000000 
167.475449 173.929749 -6.454300 0.091413 0.000000 
167.475449 173.979370 -6.503922 -0.829548 0.000000 
167.475449 174.040009 -6.564560 0.631465 0.000000 
167.475449 174.094208 -6.618759 -0.064108 0.000000 
167.475449 174.149414 -6.673965 -0.115975 0.000000 
167.475449 174.161697 -6.686249 -0.883358 0.000000 
167.475449 174.163742 -6.688293 -0.422242 0.000000 
167.475449 174.176987 -6.701538 -1.111670 0.000000 
167.475449 174.148926 -6.673477 -1.520357 0.000000 
167.475449 174.129593 -6.654144 -1.703896 0.000000 
167.475449 174.075653 -6.600204 -1.828751 0.000000 
167.475449 174.043472 -6.568024 -1.766051 0.000000 
167.475449 174.012329 -6.536880 -1.341625 0.000000 
167.475449 173.985672 -6.510223 -1.341752 0.000000 
167.475449 173.938690 -6.463242 -1.601354 0.000000 
167.475449 173.898041 -6.422592 -1.369000 0.000000 
167.475449 173.866913 -6.391464 -1.613419 0.000000 
167.475449 173.842361 -6.366913 -1.422141 0.000000 
167.475449 173.788986 -6.313538 -1.191692 0.000000 
167.475449 173.765549 -6.290100 -1.499365 0.000000 
167.475449 173.741348 -6.265900 -1.166590 0.000000 
167.475449 173.730286 -6.254837 -0.703325 0.000000 
167.475449 173.731750 -6.256302 -0.859140 0.000000 
167.475449 173.742325 -6.266876 -0.189172 0.000000 
167.475449 173.754425 -6.278976 -0.779518 0.000000 
167.475449 173.731369 -6.255920 -1.115489 0.000000 
167.475449 173.717453 -6.242004 -1.548014 0.000000 
167.475449 173.672607 -6.197159 -0.948224 0.000000 
167.475449 173.658173 -6.182724 -1.204309 0.000000 
167.475449 173.632034 -6.156586 -1.551722 0.000000 
167.475449 173.635010 -6.159561 -0.678355 0.000000 
167.475449 173.630524 -6.155075 -0.625798 0.000000 
167.475449 173.647308 -6.171860 -1.152373 0.000000 
167.475449 173.664841 -6.189392 -0.570899 0.000000 
167.475449 173.700775 -6.225327 -0.377349 0.000000 
167.475449 173.736374 -6.260925 -0.813758 0.000000 
167.475449 173.775299 -6.299850 -0.603429 0.000000 
167.475449 173.751266 -6.275818 -2.009779 -29.460933 
167.475449 173.737000 -6.261551 -0.987139 -30.000000 
-150.358095 173.732040 10.000000 -0.705732 -30.000000 
-153.788429 173.777405 10.000000 -0.216269 -30.000000 
-157.075886 173.840271 10.000000 0.201724 -30.000000 
-157.494127 173.915375 10.000000 0.285270 -30.000000 
-160.540770 173.958557 10.000000 -0.367126 -30.000000 
-163.098731 174.014343 10.000000 -0.036903 -30.000000 
-164.157711 174.101654 10.000000 0.015702 -30.000000 
-164.902807 174.210739 10.000000 0.572966 -30.000000 
-165.955722 174.320587 10.000000 0.856422 -30.000000 
-167.025150 174.446793 10.000000 0.345332 -30.000000 
-167.201558 174.583191 10.000000 0.999765 -30.000000 
-167.977063 174.679169 10.000000 1.341788 -30.000000 
-167.969151 174.825363 10.000000 1.673868 -30.000000 
-168.395918 174.975647 10.000000 2.011007 -30.000000 
-168.029992 175.138229 10.000000 1.465179 -30.000000 
-168.049579 175.296341 10.000000 1.653863 -30.000000 
-167.582783 175.453247 10.000000 1.785818 -30.000000 
-166.602234 175.601608 10.000000 2.160797 -30.000000 
-166.759018 175.762283 10.000000 0.993934 -30.000000 
-166.567328 175.904266 10.000000 1.495870 -30.000000 
-166.526804 176.035995 10.000000 1.065409 -30.000000 
-166.717585 176.172134 10.000000 1.089550 -30.000000 
-167.519548 176.366196 10.000000 2.040863 -30.000000 
-167.775517 176.517105 10.000000 0.754073 -30.000000 
-167.369527 176.618118 10.000000 0.313486 -30.000000 
-167.339272 176.664490 10.000000 -0.220518 -30.000000 
-168.109774 176.700058 10.000000 0.073053 -30.000000 
-168.784494 176.739960 10.000000 0.292975 -30.000000 
-168.490503 176.786636 10.000000 0.267160 -30.000000 
-169.058818 176.840210 10.000000 0.339201 -30.000000 
-169.747756 176.903000 10.000000 0.065031 -29.705949 
-170.275619 176.944321 10.000000 0.113089 -30.000000 
-170.389806 176.995605 10.000000 -0.117540 -30.000000 
-170.572577 177.043198 10.000000 -0.293270 -30.000000 
-170.913845 177.040848 10.000000 -0.705149 -30.000000 
-170.913845 177.055023 10.000000 -0.784356 -30.000000 
-170.913845 177.028778 10.000000 -1.472758 -29.096410 
-170.913845 176.983398 10.000000 -1.580835 -28.908719 
-170.941419 176.953308 10.000000 -1.007902 -29.873047 
-171.161251 176.957520 10.000000 -0.523944 -30.000000 
-171.231929 176.971436 10.000000 -0.168792 -30.000000 
-171.249044 176.987473 10.000000 -0.861612 -29.833192 
-171.325653 176.984314 10.000000 -0.232142 -30.000000 
-171.235965 176.979828 10.000000 -0.785095 -29.981108 
-171.243142 176.958511 10.000000 -0.709757 -30.000000 
-171.359475 176.924652 10.000000 -1.147899 -29.258445 
-171.502474 176.869904 10.000000 -1.351598 -28.794293 
-171.517708 176.832108 10.000000 -1.645666 -28.304719 
-171.646426 176.795471 10.000000 -2.162700 -27.329257 
-171.573848 176.753235 10.000000 -1.268004 -28.904442 
-171.525199 176.706192 10.000000 -1.475410 -28.617825 
-171.596441 176.683731 10.000000 -0.885758 -29.513649 
-171.372896 176.692169 10.000000 -0.738859 -29.981819 
-171.486072 176.697830 10.000000 -0.610937 -30.000000 
-171.580484 176.709488 10.000000 -0.835939 -29.632321 
-171.505068 176.726624 10.000000 -0.930477 -29.561332 
-171.467062 176.762283 10.000000 -0.561753 -30.000000 
-171.443889 176.859039 10.000000 0.497701 -30.000000 
-171.313990 176.938797 10.000000 0.788905 -30.000000 
-171.304373 176.983902 10.000000 -0.560080 -30.000000 
-171.339870 176.980606 10.000000 -1.558248 -28.746939 
-171.369191 176.941086 10.000000 -2.199683 -27.700525 
-171.237002 176.892044 10.000000 -1.866225 -28.379947 
-171.226036 176.855438 10.000000 -0.995691 -29.761210 
-171.163145 176.855713 10.000000 -0.732420 -30.000000 
-171.184303 176.881180 10.000000 -0.058477 -30.000000 
-171.215305 176.944122 10.000000 0.291800 -30.000000 
-171.176529 176.991455 10.000000 0.069031 -30.000000 
-171.094553 177.063446 10.000000 -0.218423 -30.000000 
-170.953099 177.124359 10.000000 0.471261 -30.000000 
-171.122859 177.185364 10.000000 -0.504302 -30.000000 
-171.151037 177.181732 10.000000 -1.229293 -29.514375 
-171.154830 177.163498 10.000000 -1.915760 -28.455987 
-170.899127 177.162277 10.000000 -1.054780 -30.000000 
-170.903518 177.157349 10.000000 -1.696613 -29.061185 
-170.889004 177.156387 10.000000 -1.166341 -29.885919 
-170.867860 177.205734 10.000000 -0.746617 -30.000000 
-170.845952 177.261414 10.000000 -0.812318 -30.000000 
-170.844055 177.271820 10.000000 -1.861189 -28.872358 
-170.806341 177.289124 10.000000 -0.507688 -30.000000 
-170.665187 177.312897 10.000000 -0.477487 -30.000000 
-170.604035 177.359375 10.000000 -0.822352 -30.000000 
-170.531399 177.378677 10.000000 -1.147964 -30.000000 
-170.405444 177.403214 10.000000 -0.785932 -30.000000 
-170.261746 177.407349 10.000000 -0.603849 -30.000000 
-170.231188 177.442001 10.000000 -0.375019 -30.000000 
-170.176498 177.509033 10.000000 -0.091042 -30.000000 
-170.157021 177.559464 10.000000 -0.831854 -30.000000 
-170.208370 177.579742 10.000000 -0.252338 -30.000000 
-170.167377 177.628143 10.000000 -0.788089 -30.000000 
-170.149944 177.706375 10.000000 -0.112156 -30.000000 
-170.020188 177.813553 10.000000 0.860069 -30.000000 
-169.937404 177.913376 10.000000 1.001455 -30.000000 
-169.969238 178.014450 10.000000 0.470637 -30.000000 
-169.760850 178.064529 10.000000 -0.059936 -30.000000 
-169.623943 178.126740 10.000000 -0.574963 -30.000000 
-169.432359 178.184448 10.000000 0.035026 -30.000000 
-166.941074 178.243134 10.000000 0.032441 -30.000000 
-166.891217 178.298965 10.000000 -0.089212 -30.000000 
-166.903799 178.407700 10.000000 2.238726 -30.000000 
-167.006629 178.588272 10.000000 2.455420 -30.000000 
-166.657573 178.762741 10.000000 2.013146 -30.000000 
-166.476417 178.923431 10.000000 1.927169 -30.000000 
-165.536684 179.057312 10.000000 1.755653 -30.000000 
-165.438828 179.179062 10.000000 0.796293 -30.000000 
-164.485357 179.266937 10.000000 1.007261 -30.000000 
-163.813335 179.342804 10.000000 0.694526 -30.000000 
-162.782495 179.414246 10.000000 0.989785 -30.000000 
-162.336314 179.510468 10.000000 0.737096 -30.000000 
-162.687574 179.612946 10.000000 0.828118 -30.000000 
-162.244733 179.707443 10.000000 1.166738 -30.000000 
-162.483310 179.801651 10.000000 1.422946 -30.000000 
-162.502092 179.915665 10.000000 1.803140 -30.000000 
-162.325197 -179.977692 10.000000 1.545040 -30.000000 
-162.477990 -179.877228 10.000000 1.519309 -30.000000 
-162.604294 -179.796402 10.000000 1.064657 -30.000000 
-162.495977 -179.708893 10.000000 1.562922 -30.000000 
-161.645752 -179.631943 10.000000 1.238398 -30.000000 
-161.310151 -179.578674 10.000000 0.419830 -30.000000 
-161.349728 -179.521881 10.000000 0.573741 -30.000000 
-162.298325 -179.456802 10.000000 0.605138 -30.000000 
-162.166336 -179.418381 10.000000 0.680366 -30.000000 
-162.046132 -179.395248 10.000000 0.085960 -30.000000 
-162.186259 -179.359573 10.000000 0.186500 -30.000000 
-162.171015 -179.354202 10.000000 -0.072763 -30.000000 
-162.307236 -179.347656 10.000000 -0.149947 -30.000000 
-161.469986 -179.359344 10.000000 -0.737959 -30.000000 
-161.312358 -179.360764 10.000000 -0.569837 -30.000000 
-161.104836 -179.349716 10.000000 0.243983 -30.000000 
-161.058984 -179.325760 10.000000 0.436592 -30.000000 
-161.051713 -179.280167 10.000000 0.835926 -30.000000 
-160.930376 -179.229111 10.000000 0.810776 -30.000000 
-160.745176 -179.204346 10.000000 0.704569 -30.000000 
-161.553201 -179.158615 10.000000 0.624736 -30.000000 
-161.672284 -179.128769 10.000000 0.474576 -30.000000 
-161.680466 -179.112381 10.000000 0.130729 -30.000000 
-161.698280 -179.088516 10.000000 -0.206979 -30.000000 
-161.992831 -179.063644 10.000000 -0.014081 -30.000000 
-162.294627 -179.059982 10.000000 -0.191317 -30.000000 
-162.294627 -179.072495 10.000000 -0.602311 -30.000000 
-162.294627 -179.071365 10.000000 -0.116836 -30.000000 
-162.294627 -179.065643 10.000000 0.405061 -30.000000 
-162.294627 -179.041031 10.000000 0.328204 -30.000000 
-162.294627 -179.018768 10.000000 1.037643 -30.000000 
-162.294627 -178.998245 10.000000 0.143792 -30.000000 
-162.294627 -179.033371 10.000000 -0.088817 -30.000000 
-162.294627 -179.081955 10.000000 -0.402328 -30.000000 
-162.294627 -179.107346 10.000000 -0.419555 -30.000000 
-162.294627 -179.138092 10.000000 0.346004 -30.000000 
-162.294627 -179.160370 10.000000 0.418386 -30.000000 
-162.294627 -179.195404 10.000000 -0.465447 -30.000000 
-162.294627 -179.244827 10.000000 -1.108625 -30.000000 
-162.294627 -179.328888 10.000000 -0.992453 -30.000000 
-162.294627 -179.388214 10.000000 0.002457 -30.000000 
-162.294627 -179.428223 10.000000 0.111171 -30.000000 
-162.294627 -179.407532 10.000000 0.623306 -30.000000 
-162.294627 -179.416138 10.000000 0.756554 -30.000000 
-162.294627 -179.411163 10.000000 0.828031 -30.000000 
-162.294627 -179.395416 10.000000 0.959453 -30.000000 
-162.294627 -179.324905 10.000000 1.662287 -30.000000 
-162.294627 -179.215759 10.000000 2.040132 -30.000000 
-162.294627 -179.121765 10.000000 1.990724 -30.000000 
-162.294627 -179.083069 10.000000 0.439193 -30.000000 
-162.294627 -179.069550 10.000000 0.644559 -30.000000 
-162.294627 -179.097122 10.000000 -0.388627 -30.000000 
-162.294627 -179.096603 10.000000 0.629397 -30.000000 
-162.294627 -179.077805 10.000000 0.653399 -30.000000 
-162.294627 -179.025345 10.000000 1.139062 -30.000000 
-162.294627 -178.973007 10.000000 1.086231 -30.000000 
-162.294627 -178.955109 10.000000 0.725225 -30.000000 
-162.294627 -178.912857 10.000000 1.423751 -30.000000 
-162.294627 -178.861984 10.000000 0.757610 -30.000000 
-161.992831 -178.814743 10.000000 1.443257 -30.000000 
-161.613576 -178.779831 10.000000 0.931631 -30.000000 
-161.505961 -178.746964 10.000000 0.695045 -30.000000 
-161.457067 -178.684494 10.000000 1.084782 -30.000000 
-161.441536 -178.612991 10.000000 1.503250 -30.000000 
-159.996193 -178.553360 10.000000 0.936632 -30.000000 
-159.651420 -178.446579 10.000000 1.834092 -30.000000 
-159.553945 -178.361816 10.000000 1.216082 -30.000000 
-159.539649 -178.285919 10.000000 0.852304 -30.000000 
-159.520449 -178.209335 10.000000 1.546181 -30.000000 
-157.267109 -178.138046 10.000000 0.998739 -30.000000 
-157.256827 -178.099945 10.000000 0.652265 -30.000000 
-157.276251 -178.020569 10.000000 0.969793 -30.000000 
-157.144878 -177.960632 10.000000 0.854370 -30.000000 
-155.114105 -177.931946 10.000000 0.416530 -30.000000 
-155.242934 -177.930603 10.000000 0.317615 -30.000000 
-156.238225 -177.940689 10.000000 0.040790 -30.000000 
-156.810791 -177.982178 10.000000 -0.344810 -30.000000 
-157.589095 -178.016815 10.000000 0.133516 -30.000000 
-158.240505 -178.017624 10.000000 0.520826 -30.000000 
-158.920074 -178.004044 10.000000 0.756127 -30.000000 
-158.986913 -177.973526 10.000000 1.344326 -30.000000 
-159.386809 -177.940933 10.000000 0.834280 -30.000000 
-159.633809 -177.940750 10.000000 1.164100 -30.000000 
-159.810966 -177.920700 10.000000 1.730052 -30.000000 
-160.467304 -177.870255 10.000000 1.290503 -30.000000 
-160.603019 -177.847839 10.000000 0.724005 -30.000000 
-161.226585 -177.812485 10.000000 1.116611 -30.000000 
-161.590952 -177.794876 10.000000 0.379292 -30.000000 
-161.935364 -177.752731 10.000000 1.161585 -30.000000 
-162.200607 -177.733810 10.000000 1.107818 -30.000000 
-162.286232 -177.713348 10.000000 0.649759 -30.000000 
-162.851517 -177.717133 10.000000 0.394949 -30.000000 
-164.878437 -177.694260 10.000000 0.496162 -30.000000 
-165.126047 -177.681961 10.000000 0.238935 -30.000000 
-165.254197 -177.650421 10.000000 1.236760 -30.000000 
-165.415005 -177.596176 10.000000 1.416266 -30.000000 
-165.807142 -177.514191 10.000000 1.765208 -30.000000 
-166.316640 -177.461426 10.000000 0.467200 -30.000000 
-166.557734 -177.383560 10.000000 0.996914 -30.000000 
-166.811079 -177.320389 10.000000 1.375516 -30.000000 
-168.346183 -177.244904 8.898720 1.318438 -30.000000 
-168.516279 -177.125351 8.609072 1.896938 -30.000000 
-168.573296 -176.991180 8.417885 2.679233 -30.000000 
-168.943815 -176.855835 7.912020 2.654953 -30.000000 
-169.054009 -176.732712 7.678703 1.866286 -30.000000 
-169.144525 -176.596924 7.452399 2.523249 -30.000000 
-169.218543 -176.491302 7.272760 2.438841 -30.000000 
-169.352571 -176.356354 7.003783 2.195235 -30.000000 
-169.392148 -176.220078 6.827929 2.428711 -30.000000 
-170.493360 -176.089600 5.596240 1.802163 -30.000000 
-170.686925 -175.963593 5.276668 1.908379 -30.000000 
-172.527040 -175.847015 3.319975 1.206326 -30.000000 
-173.057944 -175.732391 2.674448 1.791003 -30.000000 
-173.642867 -175.606232 1.963365 1.623416 -30.000000 
-173.962451 -175.471909 1.509458 1.431156 -30.000000 
-175.177800 -175.372299 0.194499 1.373808 -28.946063 
-175.482057 -175.262268 -0.219789 0.944685 -28.145908 
-175.610823 -175.157425 -0.453398 1.504773 -28.658913 
-175.945454 -175.038452 -0.907002 2.006492 -23.867705 
-176.378834 -174.959763 -1.419071 0.727374 -26.989883 
-177.049000 -174.939392 -2.109608 -0.567652 -24.831212 
-177.162165 -174.941406 -2.220758 -0.228305 -25.103936 
-177.504510 -174.929108 -2.575402 0.209875 -20.540871 
-177.772392 -174.938477 -2.833916 -0.289138 -21.148971 
-178.198018 -174.906845 -3.291173 0.578247 -13.259950 
-178.273892 -174.801559 -3.472332 1.550825 -7.407789 
-178.355906 -174.691986 -3.663920 1.341937 -7.180520 
-178.471603 -174.617569 -3.854034 0.590491 -9.481310 
-178.953701 -174.575729 -4.377972 0.459291 -6.989143 
-178.957323 -174.541092 -4.416231 -0.055670 -8.928127 
-178.961256 -174.522385 -4.438871 -0.333098 -9.940095 
-179.047219 -174.521927 -4.525293 -0.196660 -8.780222 
-179.764751 -174.489532 -5.275218 -0.205707 -4.896293 
-179.782112 -174.475235 -5.306877 0.316298 -3.049597 
-179.786265 -174.451965 -5.334300 0.075317 -3.404372 
-179.787840 -174.433640 -5.354200 -0.200607 -4.263617 
179.635787 -174.461151 -5.903062 -1.087153 -4.959744 
179.628097 -174.483154 -5.888748 -0.478008 -2.887848 
179.512751 -174.510345 -5.976904 -1.191061 -4.862706 
179.423508 -174.557739 -6.018753 -1.625141 -6.062705 
179.370884 -174.637726 -5.991390 -1.432074 -5.481690 
178.706959 -174.716660 -6.576381 -1.924566 -4.595368 
178.698229 -174.802643 -6.499128 -1.756027 -4.349057 
178.684795 -174.861877 -6.453327 -1.188675 -2.851862 
178.676063 -174.905609 -6.418328 -0.984706 -2.348017 
178.365960 -174.931381 -6.702659 -1.313498 -2.301930 
178.365960 -174.945145 -6.688896 -1.224651 -2.056100 
178.365960 -174.972275 -6.661765 -0.738367 -0.807058 
178.365960 -175.015808 -6.618232 -0.941214 -1.430767 
178.365960 -175.048859 -6.585182 -1.092116 -1.884973 
178.365960 -175.079956 -6.554084 -1.041650 -1.801540 
178.365960 -175.140076 -6.493965 -1.633969 -3.527695 
178.365960 -175.190109 -6.443931 -1.425976 -3.098316 
178.365960 -175.267303 -6.366737 -2.164261 -5.290849 
178.365960 -175.357590 -6.276451 -3.038207 -7.926320 
178.365960 -175.419540 -6.214500 -0.990909 -2.619993 
178.365960 -175.474518 -6.159522 -1.904078 -5.189193 
178.365960 -175.541168 -6.092872 -1.249215 -3.630971 
178.365960 -175.615662 -6.018379 -1.627955 -4.851128 
178.365960 -175.694016 -5.940025 -1.993286 -6.060552 
178.365960 -175.779648 -5.854392 -1.632012 -5.352718 
178.365960 -175.859589 -5.774452 -1.915160 -6.348852 
178.365960 -175.933136 -5.700904 -1.419817 -5.240536 
178.365960 -175.998428 -5.635612 -1.344916 -5.224282 
178.365960 -176.033905 -5.600135 -0.329336 -2.608709 
178.365960 -176.039825 -5.594215 -0.168449 -2.147855 
178.365960 -176.062897 -5.571143 -0.742472 -3.684846 
178.365960 -176.084991 -5.549049 -0.604318 -3.345111 
178.365960 -176.107147 -5.526893 -1.088652 -4.654447 
178.365960 -176.138672 -5.495368 -0.509582 -3.182182 
178.365960 -176.165070 -5.468971 -0.588379 -3.428641 
178.365960 -176.191208 -5.442832 -0.685536 -3.724921 
178.476291 -176.221283 -5.302426 -0.816968 -4.631807 
178.744618 -176.231384 -5.023997 -0.323993 -4.539133 
178.821605 -176.222748 -4.955648 0.421994 -2.853694 
179.046562 -176.199860 -4.753579 0.033796 -4.752465 
179.684807 -176.195236 -4.119957 0.084175 -7.444138 
179.840989 -176.194748 -3.964263 -0.513570 -9.673447 
179.912658 -176.197372 -3.889970 0.310510 -7.806969 
-179.788018 -176.207397 -3.580620 -0.526800 -11.338567 
-179.619668 -176.224564 -3.395104 -0.386384 -11.737927 
-179.225113 -176.244217 -2.980896 0.131862 -12.104850 
-179.175471 -176.255051 -2.920421 -0.375484 -13.787693 
-178.820431 -176.244476 -2.575955 0.720742 -12.252877 
-178.245458 -176.193039 -2.052419 0.323694 -15.903399 
-176.456437 -176.163284 -0.293153 0.794993 -22.823639 
-175.405682 -176.126297 0.720615 0.823829 -27.719641 
-175.305197 -176.107544 0.802347 0.104250 -27.308184 
-174.564076 -176.086655 1.522578 0.194372 -28.125991 
-174.297887 -176.061951 1.764064 0.131814 -28.339458 
-173.959797 -176.000320 2.040523 1.351988 -29.725393 
-173.785900 -175.889282 2.103382 1.873366 -30.000000 
-173.638635 -175.759811 2.121176 1.343951 -30.000000 
-173.529909 -175.634262 2.104353 1.762223 -30.000000 
-173.323928 -175.511475 2.187546 1.306510 -30.000000 
-172.883308 -175.391312 2.508003 1.443281 -30.000000 
-172.751288 -175.274353 2.523065 1.568911 -30.000000 
-172.557343 -175.127075 2.569732 2.249619 -30.000000 
-172.369513 -174.954193 2.584680 2.491202 -30.000000 
-172.091132 -174.750504 2.659372 3.310211 -30.000000 
-171.998628 -174.477066 2.478438 4.231897 -28.412103 
-171.710085 -174.192642 2.482558 4.217571 -28.865836 
-171.305953 -173.875671 2.569719 4.198808 -29.850296 
-170.873140 -173.604370 2.731230 4.152527 -30.000000 
-170.405018 -173.327469 2.922451 3.406646 -30.000000 
-170.033637 -173.058121 3.024484 4.461751 -30.000000 
-169.586762 -172.805496 3.218734 2.979874 -30.000000 
-169.287857 -172.518814 3.230957 3.689448 -30.000000 
-169.030235 -172.268341 3.238106 3.437208 -30.000000 
-168.833984 -172.029617 3.195633 3.287490 -30.000000 
-168.600123 -171.788391 3.188268 3.279722 -30.000000 
-168.520131 -171.563446 3.043316 2.521230 -30.000000 
-168.177707 -171.349670 3.171963 3.128145 -30.000000 
-167.801993 -171.096130 3.294138 3.608231 -30.000000 
-167.540336 -170.826111 3.285775 4.094446 -30.000000 
-167.278898 -170.530014 3.251116 3.928937 -30.000000 
-167.267474 -170.210510 2.943036 4.984070 -30.000000 
-166.567577 -169.886551 3.318974 4.590549 -30.000000 
-166.272725 -169.584442 3.311717 4.641729 -30.000000 
-165.996812 -169.268051 3.271239 4.563751 -30.000000 
-165.797959 -168.971603 3.173645 3.869953 -30.000000 
-165.047314 -168.703094 3.655781 3.589970 -30.000000 
-164.507008 -168.411377 3.904369 4.893454 -30.000000 
-164.290812 -168.079544 3.788733 4.641536 -30.000000 
-163.765769 -167.730667 3.964898 5.365115 -30.000000 
-162.861206 -167.356216 4.495010 5.656799 -30.000000 
-162.232165 -166.966614 4.734449 6.085004 -30.000000 
-162.122799 -166.566528 4.443730 5.364556 -30.000000 
-161.080430 -166.172958 5.092528 5.869830 -30.000000 
-160.169259 -165.804291 5.635032 4.883446 -30.000000 
-159.290543 -165.515564 6.225020 5.398105 -30.000000 
-158.600930 -165.174301 6.573371 5.199751 -30.000000 
-157.873885 -164.812912 6.939027 5.300153 -30.000000 
-156.529590 -164.431335 7.901746 5.590641 -30.000000 
-155.065096 -164.012115 8.947019 6.769349 -30.000000 
-153.700139 -163.561981 9.861842 7.410976 -30.000000 
-152.664649 -163.078857 10.000000 7.438680 -30.000000 
-151.004471 -162.553696 10.000000 8.665366 -30.000000 
-149.239170 -162.014496 10.000000 8.440145 -30.000000 
-147.351688 -161.496307 10.000000 8.023363 -30.000000 
-146.924722 -160.955048 10.000000 8.521957 -30.000000 
-145.088073 -160.397079 10.000000 8.981413 -30.000000 
-143.265936 -159.793335 10.000000 9.304870 -30.000000 
-141.455538 -159.186172 10.000000 10.075310 -30.000000 
-141.082412 -158.516510 10.000000 10.968217 -30.000000 
-138.990124 -157.796310 10.000000 11.434111 -30.000000 
-136.625143 -157.061935 10.000000 12.198437 -30.000000 
-133.393035 -156.271255 10.000000 13.147467 -30.000000 
-131.374707 -155.442291 10.000000 13.428449 -30.000000 
-130.177542 -154.582611 10.000000 13.995877 -30.000000 
-127.077992 -153.697006 10.000000 14.779752 -30.000000 
-124.377070 -152.788818 10.000000 15.191560 -30.000000 
-121.491223 -151.835175 10.000000 15.228515 -30.000000 
167.475449 -150.875732 -10.000000 15.858145 -30.000000 
167.475449 -149.915085 -10.000000 15.552131 -30.000000 
167.475449 -148.961823 -10.000000 15.355411 -30.000000 
167.475449 -148.045425 -10.000000 14.562689 -30.000000 
167.475449 -147.160690 -10.000000 14.192763 -30.000000 
167.475449 -146.287506 -10.000000 14.268321 -30.000000 
167.475449 -145.417725 -10.000000 13.756971 -30.000000 
167.475449 -144.585648 -10.000000 13.551197 -30.000000 
167.475449 -143.766129 -10.000000 13.475796 -30.000000 
167.475449 -142.923752 -10.000000 14.292678 -30.000000 
167.475449 -142.060623 -10.000000 14.269939 -30.000000 
167.475449 -141.198059 -10.000000 14.144625 -30.000000 
167.475449 -140.309525 -10.000000 15.191956 -30.000000 
167.475449 -139.387955 -10.000000 15.243802 -30.000000 
167.475449 -138.471115 -10.000000 14.938230 -30.000000 
167.475449 -137.541748 -10.000000 14.828453 -30.000000 
167.475449 -136.617630 -10.000000 15.892986 -30.000000 
167.475449 -135.658340 -10.000000 16.370396 -30.000000 
167.475449 -134.672882 -10.000000 17.020599 -30.000000 
167.475449 -133.829544 -10.000000 17.123937 -30.000000 
167.475449 -132.799957 -10.000000 17.806078 -30.000000 
167.475449 -131.718445 -10.000000 18.522052 -30.000000 
167.475449 -130.635910 -10.000000 18.573195 -30.000000 
167.475449 -129.532059 -10.000000 18.217347 -30.000000 
167.475449 -128.417282 -10.000000 18.647928 -30.000000 
167.475449 -127.321495 -10.000000 18.080318 -30.000000 
167.475449 -126.219521 -10.000000 19.178958 -30.000000 
167.475449 -125.111458 -10.000000 18.234722 -30.000000 
167.475449 -123.982529 -10.000000 19.518217 -30.000000 
167.475449 -122.868782 -10.000000 18.848648 -30.000000 
167.475449 -121.796921 -10.000000 17.727008 -30.000000 
167.475449 -120.724136 -10.000000 18.167444 -30.000000 
167.475449 -119.682838 -10.000000 17.929844 -30.000000 
167.475449 -118.623405 -10.000000 17.854253 -30.000000 
167.475449 -117.580215 -10.000000 18.167265 -30.000000 
167.475449 -116.538475 -10.000000 18.185023 -30.000000 
167.475449 -115.477272 -10.000000 18.058441 -30.000000 
167.475449 -114.394630 -10.000000 18.500894 -30.000000 
167.475449 -113.314491 -10.000000 18.201264 -30.000000 
167.475449 -112.204292 -10.000000 18.544153 -30.000000 
167.475449 -111.064247 -10.000000 18.747735 -30.000000 
167.475449 -109.963562 -10.000000 19.339749 -30.000000 
167.475449 -108.851830 -10.000000 19.135796 -30.000000 
167.475449 -107.742477 -10.000000 19.248595 -30.000000 
167.475449 -106.622986 -10.000000 19.446821 -30.000000 
167.475449 -105.521233 -10.000000 19.775204 -30.000000 
167.475449 -104.390167 -10.000000 20.109853 -30.000000 
167.475449 -103.233589 -10.000000 20.340877 -30.000000 
167.475449 -102.073563 -10.000000 20.087098 -30.000000 
167.475449 -100.891167 -10.000000 20.824994 -30.000000 
167.475449 -99.694336 -10.000000 21.030516 -30.000000 
167.475449 -98.506111 -10.000000 21.542943 -30.000000 
167.475449 -97.291565 -10.000000 21.591893 -30.000000 
167.475449 -96.016525 -10.000000 22.542915 -30.000000 
167.475449 -94.740547 -10.000000 23.185005 -30.000000 
167.475449 -93.464729 -10.000000 22.641828 -30.000000 
167.475449 -92.205940 -10.000000 22.417354 -30.000000 
167.475449 -90.895081 -10.000000 22.798304 -30.000000 
167.475449 -89.610580 -10.000000 22.873772 -30.000000 
167.475449 -88.337830 -10.000000 22.794030 -30.000000 
167.475449 -87.271957 -10.000000 23.080667 -30.000000 
