8.539745 47.366750 
51 592 
################# 
38 513
39 513
40 513
41 513
42 513
36 512
37 512
38 512
39 512
40 512
41 512
42 512
43 512
35 511
36 511
37 511
38 511
39 511
40 511
41 511
42 511
43 511
44 511
34 510
35 510
36 510
37 510
38 510
39 510
40 510
41 510
42 510
43 510
44 510
30 509
31 509
32 509
33 509
34 509
35 509
36 509
37 509
41 509
42 509
43 509
44 509
29 508
30 508
31 508
32 508
33 508
34 508
35 508
36 508
37 508
42 508
43 508
44 508
45 508
27 507
28 507
29 507
30 507
31 507
32 507
33 507
34 507
43 507
44 507
45 507
27 506
28 506
29 506
30 506
31 506
32 506
43 506
44 506
45 506
25 505
26 505
27 505
28 505
29 505
30 505
43 505
44 505
45 505
46 505
24 504
25 504
26 504
27 504
28 504
29 504
43 504
44 504
45 504
46 504
23 503
24 503
25 503
26 503
27 503
28 503
43 503
44 503
45 503
46 503
47 503
22 502
23 502
24 502
25 502
26 502
27 502
44 502
45 502
46 502
47 502
48 502
20 501
21 501
22 501
23 501
24 501
25 501
26 501
44 501
45 501
46 501
47 501
48 501
20 500
21 500
22 500
23 500
24 500
45 500
46 500
47 500
48 500
49 500
19 499
20 499
21 499
22 499
23 499
46 499
47 499
48 499
49 499
18 498
19 498
20 498
21 498
22 498
46 498
47 498
48 498
49 498
17 497
18 497
19 497
20 497
21 497
46 497
47 497
48 497
49 497
17 496
18 496
19 496
20 496
21 496
46 496
47 496
48 496
49 496
17 495
18 495
19 495
20 495
21 495
47 495
48 495
49 495
50 495
17 494
18 494
19 494
20 494
21 494
47 494
48 494
49 494
50 494
17 493
18 493
19 493
20 493
21 493
48 493
49 493
50 493
51 493
17 492
18 492
19 492
20 492
21 492
48 492
49 492
50 492
51 492
17 491
18 491
19 491
20 491
49 491
50 491
51 491
17 490
18 490
19 490
20 490
49 490
50 490
51 490
52 490
17 489
18 489
19 489
20 489
49 489
50 489
51 489
52 489
16 488
17 488
18 488
19 488
50 488
51 488
52 488
53 488
15 487
16 487
17 487
18 487
19 487
50 487
51 487
52 487
53 487
15 486
16 486
17 486
18 486
19 486
50 486
51 486
52 486
53 486
54 486
14 485
15 485
16 485
17 485
18 485
51 485
52 485
53 485
54 485
55 485
56 485
14 484
15 484
16 484
52 484
53 484
54 484
55 484
56 484
14 483
15 483
16 483
52 483
53 483
54 483
55 483
56 483
14 482
15 482
16 482
54 482
55 482
56 482
13 481
14 481
15 481
16 481
54 481
55 481
56 481
13 480
14 480
15 480
16 480
54 480
55 480
56 480
13 479
14 479
15 479
16 479
54 479
55 479
56 479
13 478
14 478
15 478
16 478
54 478
55 478
56 478
13 477
14 477
15 477
16 477
54 477
55 477
56 477
13 476
14 476
15 476
16 476
54 476
55 476
56 476
13 475
14 475
15 475
16 475
54 475
55 475
56 475
13 474
14 474
15 474
16 474
17 474
18 474
54 474
55 474
56 474
14 473
15 473
16 473
17 473
18 473
19 473
54 473
55 473
56 473
15 472
16 472
17 472
18 472
19 472
20 472
54 472
55 472
56 472
16 471
17 471
18 471
19 471
20 471
21 471
54 471
55 471
56 471
18 470
19 470
20 470
21 470
54 470
55 470
56 470
18 469
19 469
20 469
21 469
54 469
55 469
56 469
17 468
18 468
19 468
20 468
21 468
53 468
54 468
55 468
56 468
15 467
16 467
17 467
18 467
19 467
20 467
53 467
54 467
55 467
56 467
15 466
16 466
17 466
18 466
19 466
20 466
53 466
54 466
55 466
56 466
14 465
15 465
16 465
17 465
18 465
53 465
54 465
55 465
56 465
14 464
15 464
16 464
54 464
55 464
56 464
14 463
15 463
16 463
17 463
54 463
55 463
56 463
14 462
15 462
16 462
17 462
54 462
55 462
56 462
15 461
16 461
17 461
54 461
55 461
56 461
57 461
15 460
16 460
17 460
18 460
55 460
56 460
57 460
58 460
59 460
15 459
16 459
17 459
18 459
55 459
56 459
57 459
58 459
59 459
60 459
15 458
16 458
17 458
18 458
19 458
57 458
58 458
59 458
60 458
61 458
16 457
17 457
18 457
19 457
57 457
58 457
59 457
60 457
61 457
16 456
17 456
18 456
19 456
58 456
59 456
60 456
61 456
15 455
16 455
17 455
18 455
19 455
59 455
60 455
61 455
62 455
15 454
16 454
17 454
18 454
19 454
59 454
60 454
61 454
62 454
63 454
15 453
16 453
17 453
18 453
59 453
60 453
61 453
62 453
63 453
15 452
16 452
17 452
18 452
60 452
61 452
62 452
63 452
64 452
15 451
16 451
17 451
18 451
62 451
63 451
64 451
15 450
16 450
17 450
18 450
62 450
63 450
64 450
15 449
16 449
17 449
18 449
62 449
63 449
64 449
65 449
14 448
15 448
16 448
17 448
62 448
63 448
64 448
65 448
66 448
14 447
15 447
16 447
17 447
62 447
63 447
64 447
65 447
66 447
13 446
14 446
15 446
16 446
63 446
64 446
65 446
66 446
67 446
13 445
14 445
15 445
16 445
64 445
65 445
66 445
67 445
13 444
14 444
15 444
16 444
64 444
65 444
66 444
67 444
68 444
13 443
14 443
15 443
16 443
64 443
65 443
66 443
67 443
68 443
13 442
14 442
15 442
65 442
66 442
67 442
68 442
69 442
13 441
14 441
15 441
66 441
67 441
68 441
69 441
13 440
14 440
15 440
66 440
67 440
68 440
69 440
13 439
14 439
15 439
66 439
67 439
68 439
69 439
13 438
14 438
15 438
66 438
67 438
68 438
69 438
12 437
13 437
14 437
15 437
66 437
67 437
68 437
69 437
12 436
13 436
14 436
15 436
66 436
67 436
68 436
12 435
13 435
14 435
66 435
67 435
68 435
12 434
13 434
14 434
66 434
67 434
68 434
69 434
12 433
13 433
14 433
66 433
67 433
68 433
69 433
12 432
13 432
14 432
15 432
66 432
67 432
68 432
69 432
70 432
13 431
14 431
15 431
67 431
68 431
69 431
70 431
13 430
14 430
15 430
66 430
67 430
68 430
69 430
70 430
71 430
72 430
73 430
74 430
75 430
76 430
13 429
14 429
15 429
66 429
67 429
68 429
69 429
70 429
71 429
72 429
73 429
74 429
75 429
76 429
77 429
78 429
79 429
80 429
81 429
82 429
83 429
84 429
85 429
13 428
14 428
15 428
66 428
67 428
68 428
69 428
70 428
71 428
72 428
73 428
74 428
75 428
76 428
77 428
78 428
79 428
80 428
81 428
82 428
83 428
84 428
85 428
86 428
87 428
88 428
89 428
90 428
13 427
14 427
15 427
66 427
67 427
68 427
69 427
72 427
73 427
74 427
75 427
76 427
77 427
78 427
79 427
80 427
81 427
82 427
83 427
84 427
85 427
86 427
87 427
88 427
89 427
90 427
91 427
13 426
14 426
15 426
66 426
67 426
68 426
69 426
76 426
77 426
78 426
79 426
80 426
81 426
82 426
83 426
84 426
85 426
86 426
87 426
88 426
89 426
90 426
91 426
92 426
12 425
13 425
14 425
15 425
66 425
67 425
68 425
69 425
86 425
87 425
88 425
89 425
90 425
91 425
92 425
93 425
94 425
95 425
96 425
97 425
98 425
12 424
13 424
14 424
66 424
67 424
68 424
69 424
90 424
91 424
92 424
93 424
94 424
95 424
96 424
97 424
98 424
99 424
12 423
13 423
14 423
66 423
67 423
68 423
69 423
92 423
93 423
94 423
95 423
96 423
97 423
98 423
99 423
100 423
101 423
102 423
103 423
104 423
12 422
13 422
14 422
66 422
67 422
68 422
69 422
97 422
98 422
99 422
100 422
101 422
102 422
103 422
104 422
12 421
13 421
14 421
66 421
67 421
68 421
69 421
99 421
100 421
101 421
102 421
103 421
104 421
105 421
12 420
13 420
14 420
66 420
67 420
68 420
69 420
102 420
103 420
104 420
105 420
106 420
12 419
13 419
14 419
66 419
67 419
68 419
69 419
102 419
103 419
104 419
105 419
106 419
12 418
13 418
14 418
66 418
67 418
68 418
69 418
104 418
105 418
106 418
107 418
12 417
13 417
14 417
66 417
67 417
68 417
69 417
104 417
105 417
106 417
107 417
12 416
13 416
14 416
66 416
67 416
68 416
69 416
104 416
105 416
106 416
107 416
12 415
13 415
14 415
66 415
67 415
68 415
69 415
104 415
105 415
106 415
107 415
12 414
13 414
14 414
66 414
67 414
68 414
69 414
105 414
106 414
107 414
108 414
12 413
13 413
14 413
15 413
66 413
67 413
68 413
69 413
105 413
106 413
107 413
108 413
109 413
12 412
13 412
14 412
15 412
66 412
67 412
68 412
69 412
106 412
107 412
108 412
109 412
13 411
14 411
15 411
16 411
66 411
67 411
68 411
69 411
106 411
107 411
108 411
109 411
110 411
13 410
14 410
15 410
16 410
66 410
67 410
68 410
69 410
107 410
108 410
109 410
110 410
13 409
14 409
15 409
16 409
66 409
67 409
68 409
69 409
108 409
109 409
110 409
111 409
13 408
14 408
15 408
16 408
66 408
67 408
68 408
69 408
108 408
109 408
110 408
111 408
112 408
11 407
12 407
13 407
14 407
15 407
66 407
67 407
68 407
69 407
109 407
110 407
111 407
112 407
10 406
11 406
12 406
13 406
14 406
15 406
66 406
67 406
68 406
69 406
109 406
110 406
111 406
112 406
113 406
10 405
11 405
12 405
13 405
14 405
66 405
67 405
68 405
69 405
110 405
111 405
112 405
113 405
9 404
10 404
11 404
12 404
13 404
66 404
67 404
68 404
69 404
111 404
112 404
113 404
114 404
9 403
10 403
11 403
12 403
66 403
67 403
68 403
69 403
111 403
112 403
113 403
114 403
9 402
10 402
11 402
12 402
66 402
67 402
68 402
69 402
112 402
113 402
114 402
115 402
9 401
10 401
11 401
12 401
13 401
14 401
15 401
16 401
66 401
67 401
68 401
69 401
112 401
113 401
114 401
115 401
10 400
11 400
12 400
13 400
14 400
15 400
16 400
17 400
18 400
66 400
67 400
68 400
69 400
113 400
114 400
115 400
116 400
10 399
11 399
12 399
13 399
14 399
15 399
16 399
17 399
18 399
66 399
67 399
68 399
69 399
113 399
114 399
115 399
116 399
11 398
12 398
13 398
14 398
15 398
16 398
17 398
18 398
19 398
66 398
67 398
68 398
69 398
113 398
114 398
115 398
116 398
117 398
16 397
17 397
18 397
19 397
66 397
67 397
68 397
69 397
114 397
115 397
116 397
117 397
118 397
15 396
16 396
17 396
18 396
19 396
66 396
67 396
68 396
69 396
114 396
115 396
116 396
117 396
118 396
15 395
16 395
17 395
18 395
66 395
67 395
68 395
69 395
115 395
116 395
117 395
118 395
119 395
14 394
15 394
16 394
17 394
18 394
66 394
67 394
68 394
69 394
116 394
117 394
118 394
119 394
14 393
15 393
16 393
66 393
67 393
68 393
69 393
117 393
118 393
119 393
120 393
14 392
15 392
16 392
66 392
67 392
68 392
69 392
117 392
118 392
119 392
120 392
121 392
14 391
15 391
16 391
17 391
66 391
67 391
68 391
69 391
118 391
119 391
120 391
121 391
15 390
16 390
17 390
18 390
66 390
67 390
68 390
69 390
118 390
119 390
120 390
121 390
122 390
15 389
16 389
17 389
18 389
66 389
67 389
68 389
69 389
119 389
120 389
121 389
122 389
123 389
124 389
15 388
16 388
17 388
18 388
19 388
66 388
67 388
68 388
69 388
120 388
121 388
122 388
123 388
124 388
125 388
126 388
15 387
16 387
17 387
18 387
19 387
66 387
67 387
68 387
69 387
120 387
121 387
122 387
123 387
124 387
125 387
126 387
16 386
17 386
18 386
19 386
66 386
67 386
68 386
69 386
123 386
124 386
125 386
126 386
127 386
16 385
17 385
18 385
19 385
66 385
67 385
68 385
69 385
124 385
125 385
126 385
127 385
128 385
16 384
17 384
18 384
19 384
66 384
67 384
68 384
69 384
125 384
126 384
127 384
128 384
17 383
18 383
19 383
66 383
67 383
68 383
69 383
125 383
126 383
127 383
128 383
129 383
17 382
18 382
19 382
66 382
67 382
68 382
69 382
126 382
127 382
128 382
129 382
130 382
17 381
18 381
19 381
66 381
67 381
68 381
69 381
127 381
128 381
129 381
130 381
131 381
17 380
18 380
19 380
127 380
128 380
129 380
130 380
131 380
17 379
18 379
19 379
129 379
130 379
131 379
17 378
18 378
19 378
129 378
130 378
131 378
17 377
18 377
19 377
129 377
130 377
131 377
132 377
17 376
18 376
19 376
20 376
129 376
130 376
131 376
132 376
17 375
18 375
19 375
20 375
129 375
130 375
131 375
132 375
133 375
17 374
18 374
19 374
20 374
130 374
131 374
132 374
133 374
17 373
18 373
19 373
20 373
130 373
131 373
132 373
133 373
17 372
18 372
19 372
20 372
131 372
132 372
133 372
134 372
17 371
18 371
19 371
20 371
132 371
133 371
134 371
135 371
17 370
18 370
19 370
20 370
132 370
133 370
134 370
135 370
17 369
18 369
19 369
132 369
133 369
134 369
135 369
17 368
18 368
19 368
132 368
133 368
134 368
135 368
17 367
18 367
19 367
20 367
132 367
133 367
134 367
135 367
17 366
18 366
19 366
20 366
132 366
133 366
134 366
135 366
17 365
18 365
19 365
20 365
21 365
132 365
133 365
134 365
135 365
18 364
19 364
20 364
21 364
22 364
132 364
133 364
134 364
135 364
18 363
19 363
20 363
21 363
22 363
23 363
133 363
134 363
135 363
19 362
20 362
21 362
22 362
23 362
24 362
25 362
26 362
133 362
134 362
135 362
20 361
21 361
22 361
23 361
24 361
25 361
26 361
133 361
134 361
135 361
23 360
24 360
25 360
26 360
133 360
134 360
135 360
24 359
25 359
26 359
133 359
134 359
135 359
24 358
25 358
26 358
133 358
134 358
135 358
136 358
24 357
25 357
26 357
27 357
134 357
135 357
136 357
24 356
25 356
26 356
27 356
134 356
135 356
136 356
24 355
25 355
26 355
27 355
28 355
134 355
135 355
136 355
24 354
25 354
26 354
27 354
28 354
134 354
135 354
136 354
25 353
26 353
27 353
28 353
134 353
135 353
136 353
137 353
25 352
26 352
27 352
28 352
134 352
135 352
136 352
137 352
26 351
27 351
28 351
29 351
134 351
135 351
136 351
137 351
138 351
26 350
27 350
28 350
29 350
134 350
135 350
136 350
137 350
138 350
27 349
28 349
29 349
30 349
31 349
32 349
135 349
136 349
137 349
138 349
27 348
28 348
29 348
30 348
31 348
32 348
33 348
34 348
135 348
136 348
137 348
138 348
27 347
28 347
29 347
30 347
31 347
32 347
33 347
34 347
135 347
136 347
137 347
138 347
31 346
32 346
33 346
34 346
35 346
136 346
137 346
138 346
139 346
140 346
32 345
33 345
34 345
35 345
136 345
137 345
138 345
139 345
140 345
31 344
32 344
33 344
34 344
35 344
137 344
138 344
139 344
140 344
31 343
32 343
33 343
34 343
138 343
139 343
140 343
141 343
31 342
32 342
33 342
34 342
138 342
139 342
140 342
141 342
30 341
31 341
32 341
33 341
139 341
140 341
141 341
142 341
30 340
31 340
32 340
33 340
139 340
140 340
141 340
142 340
30 339
31 339
32 339
33 339
34 339
35 339
139 339
140 339
141 339
142 339
31 338
32 338
33 338
34 338
35 338
36 338
140 338
141 338
142 338
32 337
33 337
34 337
35 337
36 337
37 337
38 337
140 337
141 337
142 337
143 337
34 336
35 336
36 336
37 336
38 336
39 336
40 336
140 336
141 336
142 336
143 336
34 335
35 335
36 335
37 335
38 335
39 335
40 335
141 335
142 335
143 335
36 334
37 334
38 334
39 334
40 334
41 334
141 334
142 334
143 334
144 334
38 333
39 333
40 333
41 333
42 333
141 333
142 333
143 333
144 333
39 332
40 332
41 332
42 332
141 332
142 332
143 332
144 332
39 331
40 331
41 331
42 331
141 331
142 331
143 331
144 331
40 330
41 330
42 330
43 330
141 330
142 330
143 330
144 330
145 330
40 329
41 329
42 329
43 329
44 329
142 329
143 329
144 329
145 329
41 328
42 328
43 328
44 328
142 328
143 328
144 328
145 328
41 327
42 327
43 327
44 327
142 327
143 327
144 327
145 327
41 326
42 326
43 326
44 326
143 326
144 326
145 326
146 326
42 325
43 325
44 325
143 325
144 325
145 325
146 325
147 325
42 324
43 324
44 324
143 324
144 324
145 324
146 324
147 324
42 323
43 323
44 323
145 323
146 323
147 323
148 323
42 322
43 322
44 322
145 322
146 322
147 322
148 322
149 322
42 321
43 321
44 321
146 321
147 321
148 321
149 321
42 320
43 320
44 320
45 320
46 320
146 320
147 320
148 320
149 320
43 319
44 319
45 319
46 319
146 319
147 319
148 319
149 319
43 318
44 318
45 318
46 318
47 318
48 318
145 318
146 318
147 318
148 318
44 317
45 317
46 317
47 317
48 317
49 317
145 317
146 317
147 317
45 316
46 316
47 316
48 316
49 316
145 316
146 316
147 316
46 315
47 315
48 315
49 315
50 315
145 315
146 315
147 315
148 315
47 314
48 314
49 314
50 314
145 314
146 314
147 314
148 314
48 313
49 313
50 313
51 313
146 313
147 313
148 313
48 312
49 312
50 312
51 312
52 312
53 312
145 312
146 312
147 312
148 312
49 311
50 311
51 311
52 311
53 311
54 311
145 311
146 311
147 311
50 310
51 310
52 310
53 310
54 310
145 310
146 310
147 310
52 309
53 309
54 309
55 309
145 309
146 309
147 309
148 309
149 309
52 308
53 308
54 308
55 308
146 308
147 308
148 308
149 308
150 308
151 308
152 308
52 307
53 307
54 307
55 307
56 307
146 307
147 307
148 307
149 307
150 307
151 307
152 307
153 307
154 307
53 306
54 306
55 306
56 306
147 306
148 306
149 306
150 306
151 306
152 306
153 306
154 306
53 305
54 305
55 305
56 305
148 305
149 305
150 305
151 305
152 305
153 305
154 305
54 304
55 304
56 304
152 304
153 304
154 304
155 304
156 304
54 303
55 303
56 303
153 303
154 303
155 303
156 303
54 302
55 302
56 302
57 302
153 302
154 302
155 302
156 302
54 301
55 301
56 301
57 301
58 301
154 301
155 301
156 301
55 300
56 300
57 300
58 300
154 300
155 300
156 300
157 300
55 299
56 299
57 299
58 299
155 299
156 299
157 299
158 299
56 298
57 298
58 298
59 298
155 298
156 298
157 298
158 298
57 297
58 297
59 297
60 297
61 297
155 297
156 297
157 297
158 297
159 297
57 296
58 296
59 296
60 296
61 296
156 296
157 296
158 296
159 296
59 295
60 295
61 295
62 295
156 295
157 295
158 295
159 295
59 294
60 294
61 294
62 294
157 294
158 294
159 294
59 293
60 293
61 293
62 293
157 293
158 293
159 293
59 292
60 292
61 292
62 292
63 292
157 292
158 292
159 292
60 291
61 291
62 291
63 291
157 291
158 291
159 291
61 290
62 290
63 290
64 290
157 290
158 290
159 290
61 289
62 289
63 289
64 289
157 289
158 289
159 289
160 289
61 288
62 288
63 288
64 288
157 288
158 288
159 288
160 288
61 287
62 287
63 287
64 287
157 287
158 287
159 287
160 287
61 286
62 286
63 286
157 286
158 286
159 286
160 286
161 286
61 285
62 285
63 285
64 285
158 285
159 285
160 285
161 285
62 284
63 284
64 284
158 284
159 284
160 284
161 284
62 283
63 283
64 283
65 283
158 283
159 283
160 283
161 283
62 282
63 282
64 282
65 282
158 282
159 282
160 282
161 282
62 281
63 281
64 281
65 281
159 281
160 281
161 281
162 281
62 280
63 280
64 280
65 280
66 280
160 280
161 280
162 280
63 279
64 279
65 279
66 279
67 279
160 279
161 279
162 279
64 278
65 278
66 278
67 278
68 278
160 278
161 278
162 278
64 277
65 277
66 277
67 277
68 277
160 277
161 277
162 277
163 277
65 276
66 276
67 276
68 276
160 276
161 276
162 276
163 276
65 275
66 275
67 275
68 275
160 275
161 275
162 275
163 275
65 274
66 274
67 274
68 274
161 274
162 274
163 274
164 274
165 274
65 273
66 273
67 273
68 273
162 273
163 273
164 273
165 273
166 273
65 272
66 272
67 272
68 272
162 272
163 272
164 272
165 272
166 272
66 271
67 271
68 271
163 271
164 271
165 271
166 271
66 270
67 270
68 270
69 270
164 270
165 270
166 270
167 270
66 269
67 269
68 269
69 269
164 269
165 269
166 269
167 269
168 269
66 268
67 268
68 268
69 268
70 268
164 268
165 268
166 268
167 268
168 268
169 268
67 267
68 267
69 267
70 267
166 267
167 267
168 267
169 267
170 267
67 266
68 266
69 266
70 266
71 266
167 266
168 266
169 266
170 266
69 265
70 265
71 265
72 265
167 265
168 265
169 265
170 265
69 264
70 264
71 264
72 264
168 264
169 264
170 264
69 263
70 263
71 263
72 263
168 263
169 263
170 263
171 263
69 262
70 262
71 262
72 262
169 262
170 262
171 262
172 262
69 261
70 261
71 261
72 261
73 261
169 261
170 261
171 261
172 261
173 261
70 260
71 260
72 260
73 260
74 260
170 260
171 260
172 260
173 260
71 259
72 259
73 259
74 259
75 259
170 259
171 259
172 259
173 259
71 258
72 258
73 258
74 258
75 258
76 258
77 258
78 258
79 258
171 258
172 258
173 258
174 258
72 257
73 257
74 257
75 257
76 257
77 257
78 257
79 257
171 257
172 257
173 257
174 257
175 257
73 256
74 256
75 256
76 256
77 256
78 256
79 256
171 256
172 256
173 256
174 256
175 256
75 255
76 255
77 255
78 255
79 255
80 255
172 255
173 255
174 255
175 255
75 254
76 254
77 254
78 254
79 254
80 254
172 254
173 254
174 254
175 254
76 253
77 253
78 253
79 253
80 253
81 253
173 253
174 253
175 253
76 252
77 252
78 252
79 252
80 252
81 252
173 252
174 252
175 252
77 251
78 251
79 251
80 251
81 251
173 251
174 251
175 251
176 251
77 250
78 250
79 250
80 250
81 250
173 250
174 250
175 250
176 250
77 249
78 249
79 249
80 249
81 249
82 249
174 249
175 249
176 249
77 248
78 248
79 248
80 248
81 248
82 248
174 248
175 248
176 248
177 248
77 247
78 247
79 247
80 247
81 247
82 247
174 247
175 247
176 247
177 247
77 246
78 246
79 246
80 246
81 246
82 246
174 246
175 246
176 246
177 246
77 245
78 245
79 245
80 245
81 245
82 245
175 245
176 245
177 245
78 244
79 244
80 244
81 244
175 244
176 244
177 244
178 244
78 243
79 243
80 243
81 243
175 243
176 243
177 243
178 243
179 243
180 243
78 242
79 242
80 242
81 242
176 242
177 242
178 242
179 242
180 242
78 241
79 241
80 241
81 241
176 241
177 241
178 241
179 241
180 241
78 240
79 240
80 240
81 240
178 240
179 240
180 240
78 239
79 239
80 239
81 239
82 239
178 239
179 239
180 239
78 238
79 238
80 238
81 238
82 238
178 238
179 238
180 238
79 237
80 237
81 237
82 237
83 237
178 237
179 237
180 237
80 236
81 236
82 236
83 236
178 236
179 236
180 236
80 235
81 235
82 235
83 235
84 235
178 235
179 235
180 235
181 235
81 234
82 234
83 234
84 234
178 234
179 234
180 234
181 234
182 234
81 233
82 233
83 233
84 233
85 233
178 233
179 233
180 233
181 233
182 233
82 232
83 232
84 232
85 232
86 232
179 232
180 232
181 232
182 232
83 231
84 231
85 231
86 231
179 231
180 231
181 231
182 231
83 230
84 230
85 230
86 230
87 230
178 230
179 230
180 230
181 230
182 230
84 229
85 229
86 229
87 229
88 229
178 229
179 229
180 229
181 229
182 229
85 228
86 228
87 228
88 228
178 228
179 228
180 228
181 228
85 227
86 227
87 227
88 227
89 227
178 227
179 227
180 227
181 227
86 226
87 226
88 226
89 226
177 226
178 226
179 226
180 226
181 226
87 225
88 225
89 225
90 225
176 225
177 225
178 225
179 225
180 225
87 224
88 224
89 224
90 224
175 224
176 224
177 224
178 224
179 224
180 224
87 223
88 223
89 223
90 223
91 223
174 223
175 223
176 223
177 223
178 223
87 222
88 222
89 222
90 222
91 222
174 222
175 222
176 222
177 222
88 221
89 221
90 221
91 221
174 221
175 221
176 221
177 221
89 220
90 220
91 220
92 220
174 220
175 220
176 220
177 220
89 219
90 219
91 219
92 219
93 219
174 219
175 219
176 219
177 219
90 218
91 218
92 218
93 218
175 218
176 218
177 218
178 218
90 217
91 217
92 217
93 217
94 217
175 217
176 217
177 217
178 217
179 217
91 216
92 216
93 216
94 216
95 216
96 216
176 216
177 216
178 216
179 216
180 216
92 215
93 215
94 215
95 215
96 215
97 215
176 215
177 215
178 215
179 215
180 215
181 215
92 214
93 214
94 214
95 214
96 214
97 214
98 214
177 214
178 214
179 214
180 214
181 214
92 213
93 213
94 213
95 213
96 213
97 213
98 213
178 213
179 213
180 213
181 213
182 213
92 212
93 212
94 212
95 212
96 212
97 212
98 212
99 212
179 212
180 212
181 212
182 212
94 211
95 211
96 211
97 211
98 211
99 211
100 211
180 211
181 211
182 211
183 211
95 210
96 210
97 210
98 210
99 210
100 210
180 210
181 210
182 210
183 210
95 209
96 209
97 209
98 209
99 209
100 209
181 209
182 209
183 209
184 209
95 208
96 208
97 208
98 208
99 208
100 208
181 208
182 208
183 208
184 208
95 207
96 207
97 207
98 207
99 207
100 207
181 207
182 207
183 207
184 207
95 206
96 206
97 206
98 206
99 206
100 206
182 206
183 206
184 206
94 205
95 205
96 205
97 205
98 205
99 205
182 205
183 205
184 205
94 204
95 204
96 204
97 204
98 204
99 204
182 204
183 204
184 204
94 203
95 203
96 203
97 203
98 203
99 203
100 203
182 203
183 203
184 203
94 202
95 202
96 202
97 202
98 202
99 202
182 202
183 202
184 202
185 202
94 201
95 201
96 201
97 201
98 201
99 201
182 201
183 201
184 201
185 201
95 200
96 200
97 200
98 200
99 200
183 200
184 200
185 200
97 199
98 199
99 199
183 199
184 199
185 199
186 199
97 198
98 198
99 198
183 198
184 198
185 198
186 198
97 197
98 197
99 197
100 197
183 197
184 197
185 197
186 197
187 197
97 196
98 196
99 196
100 196
184 196
185 196
186 196
187 196
97 195
98 195
99 195
100 195
185 195
186 195
187 195
97 194
98 194
99 194
100 194
185 194
186 194
187 194
188 194
97 193
98 193
99 193
100 193
185 193
186 193
187 193
188 193
189 193
97 192
98 192
99 192
100 192
185 192
186 192
187 192
188 192
189 192
190 192
97 191
98 191
99 191
100 191
186 191
187 191
188 191
189 191
190 191
191 191
97 190
98 190
99 190
100 190
188 190
189 190
190 190
191 190
98 189
99 189
100 189
188 189
189 189
190 189
191 189
192 189
98 188
99 188
100 188
189 188
190 188
191 188
192 188
193 188
98 187
99 187
100 187
190 187
191 187
192 187
193 187
98 186
99 186
100 186
190 186
191 186
192 186
193 186
98 185
99 185
100 185
190 185
191 185
192 185
193 185
194 185
98 184
99 184
100 184
191 184
192 184
193 184
194 184
98 183
99 183
100 183
192 183
193 183
194 183
195 183
98 182
99 182
100 182
192 182
193 182
194 182
195 182
196 182
98 181
99 181
100 181
101 181
102 181
103 181
193 181
194 181
195 181
196 181
99 180
100 180
101 180
102 180
103 180
193 180
194 180
195 180
196 180
197 180
99 179
100 179
101 179
102 179
103 179
194 179
195 179
196 179
197 179
101 178
102 178
103 178
104 178
105 178
195 178
196 178
197 178
198 178
101 177
102 177
103 177
104 177
105 177
195 177
196 177
197 177
198 177
102 176
103 176
104 176
105 176
106 176
196 176
197 176
198 176
199 176
200 176
103 175
104 175
105 175
106 175
197 175
198 175
199 175
200 175
104 174
105 174
106 174
197 174
198 174
199 174
200 174
201 174
104 173
105 173
106 173
198 173
199 173
200 173
201 173
104 172
105 172
106 172
107 172
198 172
199 172
200 172
201 172
202 172
104 171
105 171
106 171
107 171
199 171
200 171
201 171
202 171
203 171
104 170
105 170
106 170
107 170
199 170
200 170
201 170
202 170
203 170
104 169
105 169
106 169
107 169
108 169
200 169
201 169
202 169
203 169
204 169
205 169
104 168
105 168
106 168
107 168
108 168
201 168
202 168
203 168
204 168
205 168
104 167
105 167
106 167
107 167
108 167
202 167
203 167
204 167
205 167
206 167
104 166
105 166
106 166
107 166
108 166
203 166
204 166
205 166
206 166
104 165
105 165
106 165
107 165
108 165
109 165
204 165
205 165
206 165
104 164
105 164
106 164
107 164
108 164
109 164
204 164
205 164
206 164
105 163
106 163
107 163
108 163
109 163
204 163
205 163
206 163
105 162
106 162
107 162
108 162
109 162
204 162
205 162
206 162
207 162
208 162
209 162
210 162
105 161
106 161
107 161
108 161
109 161
204 161
205 161
206 161
207 161
208 161
209 161
210 161
211 161
105 160
106 160
107 160
108 160
109 160
205 160
206 160
207 160
208 160
209 160
210 160
211 160
212 160
105 159
106 159
107 159
108 159
109 159
206 159
207 159
208 159
209 159
210 159
211 159
212 159
105 158
106 158
107 158
108 158
109 158
110 158
209 158
210 158
211 158
212 158
213 158
105 157
106 157
107 157
108 157
109 157
211 157
212 157
213 157
214 157
215 157
216 157
105 156
106 156
107 156
108 156
109 156
211 156
212 156
213 156
214 156
215 156
216 156
217 156
106 155
107 155
108 155
109 155
213 155
214 155
215 155
216 155
217 155
106 154
107 154
108 154
109 154
214 154
215 154
216 154
217 154
218 154
106 153
107 153
108 153
109 153
215 153
216 153
217 153
218 153
219 153
106 152
107 152
108 152
109 152
216 152
217 152
218 152
219 152
220 152
106 151
107 151
108 151
109 151
216 151
217 151
218 151
219 151
220 151
221 151
106 150
107 150
108 150
109 150
110 150
218 150
219 150
220 150
221 150
222 150
107 149
108 149
109 149
110 149
218 149
219 149
220 149
221 149
222 149
223 149
107 148
108 148
109 148
110 148
220 148
221 148
222 148
223 148
224 148
107 147
108 147
109 147
110 147
220 147
221 147
222 147
223 147
224 147
108 146
109 146
110 146
111 146
112 146
222 146
223 146
224 146
225 146
108 145
109 145
110 145
111 145
112 145
223 145
224 145
225 145
226 145
108 144
109 144
110 144
111 144
112 144
223 144
224 144
225 144
226 144
110 143
111 143
112 143
223 143
224 143
225 143
226 143
110 142
111 142
112 142
224 142
225 142
226 142
227 142
110 141
111 141
112 141
225 141
226 141
227 141
110 140
111 140
112 140
225 140
226 140
227 140
110 139
111 139
112 139
113 139
224 139
225 139
226 139
227 139
110 138
111 138
112 138
113 138
224 138
225 138
226 138
227 138
111 137
112 137
113 137
114 137
224 137
225 137
226 137
111 136
112 136
113 136
114 136
115 136
116 136
224 136
225 136
226 136
111 135
112 135
113 135
114 135
115 135
116 135
117 135
223 135
224 135
225 135
226 135
113 134
114 134
115 134
116 134
117 134
223 134
224 134
225 134
226 134
114 133
115 133
116 133
117 133
223 133
224 133
225 133
226 133
115 132
116 132
117 132
118 132
223 132
224 132
225 132
226 132
115 131
116 131
117 131
118 131
119 131
223 131
224 131
225 131
226 131
227 131
115 130
116 130
117 130
118 130
119 130
224 130
225 130
226 130
227 130
228 130
229 130
116 129
117 129
118 129
119 129
120 129
225 129
226 129
227 129
228 129
229 129
117 128
118 128
119 128
120 128
121 128
225 128
226 128
227 128
228 128
229 128
118 127
119 127
120 127
121 127
122 127
123 127
227 127
228 127
229 127
230 127
231 127
118 126
119 126
120 126
121 126
122 126
123 126
124 126
227 126
228 126
229 126
230 126
231 126
119 125
120 125
121 125
122 125
123 125
124 125
125 125
126 125
228 125
229 125
230 125
231 125
232 125
233 125
120 124
121 124
122 124
123 124
124 124
125 124
126 124
127 124
229 124
230 124
231 124
232 124
233 124
122 123
123 123
124 123
125 123
126 123
127 123
230 123
231 123
232 123
233 123
234 123
123 122
124 122
125 122
126 122
127 122
128 122
231 122
232 122
233 122
234 122
235 122
123 121
124 121
125 121
126 121
127 121
128 121
232 121
233 121
234 121
235 121
236 121
125 120
126 120
127 120
128 120
129 120
232 120
233 120
234 120
235 120
236 120
237 120
125 119
126 119
127 119
128 119
129 119
130 119
233 119
234 119
235 119
236 119
237 119
125 118
126 118
127 118
128 118
129 118
130 118
234 118
235 118
236 118
237 118
238 118
126 117
127 117
128 117
129 117
130 117
131 117
235 117
236 117
237 117
238 117
126 116
127 116
128 116
129 116
130 116
131 116
235 116
236 116
237 116
238 116
239 116
127 115
128 115
129 115
130 115
131 115
236 115
237 115
238 115
239 115
240 115
127 114
128 114
129 114
130 114
131 114
237 114
238 114
239 114
240 114
127 113
128 113
129 113
130 113
131 113
237 113
238 113
239 113
240 113
241 113
242 113
127 112
128 112
129 112
130 112
131 112
238 112
239 112
240 112
241 112
242 112
243 112
127 111
128 111
129 111
130 111
131 111
132 111
239 111
240 111
241 111
242 111
243 111
244 111
245 111
128 110
129 110
130 110
131 110
132 110
133 110
240 110
241 110
242 110
243 110
244 110
245 110
246 110
247 110
129 109
130 109
131 109
132 109
133 109
241 109
242 109
243 109
244 109
245 109
246 109
247 109
130 108
131 108
132 108
133 108
134 108
135 108
136 108
244 108
245 108
246 108
247 108
248 108
249 108
250 108
131 107
132 107
133 107
134 107
135 107
136 107
137 107
245 107
246 107
247 107
248 107
249 107
250 107
133 106
134 106
135 106
136 106
137 106
138 106
246 106
247 106
248 106
249 106
250 106
251 106
252 106
134 105
135 105
136 105
137 105
138 105
248 105
249 105
250 105
251 105
252 105
253 105
135 104
136 104
137 104
138 104
139 104
249 104
250 104
251 104
252 104
253 104
254 104
136 103
137 103
138 103
139 103
140 103
251 103
252 103
253 103
254 103
255 103
136 102
137 102
138 102
139 102
140 102
251 102
252 102
253 102
254 102
255 102
137 101
138 101
139 101
140 101
141 101
253 101
254 101
255 101
256 101
138 100
139 100
140 100
141 100
142 100
253 100
254 100
255 100
256 100
139 99
140 99
141 99
142 99
143 99
253 99
254 99
255 99
256 99
257 99
139 98
140 98
141 98
142 98
143 98
144 98
254 98
255 98
256 98
257 98
141 97
142 97
143 97
144 97
145 97
254 97
255 97
256 97
257 97
141 96
142 96
143 96
144 96
145 96
254 96
255 96
256 96
257 96
142 95
143 95
144 95
145 95
146 95
255 95
256 95
257 95
143 94
144 94
145 94
146 94
147 94
255 94
256 94
257 94
258 94
143 93
144 93
145 93
146 93
147 93
255 93
256 93
257 93
258 93
259 93
144 92
145 92
146 92
147 92
148 92
256 92
257 92
258 92
259 92
145 91
146 91
147 91
148 91
149 91
256 91
257 91
258 91
259 91
146 90
147 90
148 90
149 90
150 90
257 90
258 90
259 90
260 90
146 89
147 89
148 89
149 89
150 89
257 89
258 89
259 89
260 89
147 88
148 88
149 88
150 88
151 88
258 88
259 88
260 88
148 87
149 87
150 87
151 87
258 87
259 87
260 87
261 87
148 86
149 86
150 86
151 86
258 86
259 86
260 86
261 86
148 85
149 85
150 85
151 85
152 85
259 85
260 85
261 85
149 84
150 84
151 84
152 84
259 84
260 84
261 84
150 83
151 83
152 83
153 83
259 83
260 83
261 83
150 82
151 82
152 82
153 82
154 82
259 82
260 82
261 82
262 82
150 81
151 81
152 81
153 81
154 81
259 81
260 81
261 81
262 81
151 80
152 80
153 80
154 80
155 80
260 80
261 80
262 80
152 79
153 79
154 79
155 79
260 79
261 79
262 79
263 79
153 78
154 78
155 78
156 78
260 78
261 78
262 78
263 78
264 78
153 77
154 77
155 77
156 77
157 77
260 77
261 77
262 77
263 77
264 77
154 76
155 76
156 76
157 76
158 76
261 76
262 76
263 76
264 76
155 75
156 75
157 75
158 75
159 75
262 75
263 75
264 75
265 75
155 74
156 74
157 74
158 74
159 74
262 74
263 74
264 74
265 74
156 73
157 73
158 73
159 73
160 73
161 73
262 73
263 73
264 73
265 73
266 73
157 72
158 72
159 72
160 72
161 72
263 72
264 72
265 72
266 72
158 71
159 71
160 71
161 71
264 71
265 71
266 71
159 70
160 70
161 70
162 70
264 70
265 70
266 70
267 70
160 69
161 69
162 69
163 69
265 69
266 69
267 69
160 68
161 68
162 68
163 68
265 68
266 68
267 68
160 67
161 67
162 67
163 67
164 67
265 67
266 67
267 67
268 67
161 66
162 66
163 66
164 66
165 66
265 66
266 66
267 66
268 66
269 66
162 65
163 65
164 65
165 65
265 65
266 65
267 65
268 65
269 65
162 64
163 64
164 64
165 64
166 64
267 64
268 64
269 64
270 64
271 64
163 63
164 63
165 63
166 63
267 63
268 63
269 63
270 63
271 63
163 62
164 62
165 62
166 62
268 62
269 62
270 62
271 62
272 62
164 61
165 61
166 61
167 61
269 61
270 61
271 61
272 61
273 61
164 60
165 60
166 60
167 60
168 60
269 60
270 60
271 60
272 60
273 60
164 59
165 59
166 59
167 59
168 59
270 59
271 59
272 59
273 59
274 59
165 58
166 58
167 58
168 58
271 58
272 58
273 58
274 58
275 58
166 57
167 57
168 57
169 57
272 57
273 57
274 57
275 57
276 57
167 56
168 56
169 56
170 56
272 56
273 56
274 56
275 56
276 56
277 56
167 55
168 55
169 55
170 55
274 55
275 55
276 55
277 55
278 55
167 54
168 54
169 54
170 54
274 54
275 54
276 54
277 54
278 54
279 54
168 53
169 53
170 53
275 53
276 53
277 53
278 53
279 53
280 53
168 52
169 52
170 52
171 52
276 52
277 52
278 52
279 52
280 52
281 52
169 51
170 51
171 51
172 51
277 51
278 51
279 51
280 51
281 51
282 51
169 50
170 50
171 50
172 50
173 50
279 50
280 50
281 50
282 50
283 50
169 49
170 49
171 49
172 49
173 49
279 49
280 49
281 49
282 49
283 49
284 49
170 48
171 48
172 48
173 48
281 48
282 48
283 48
284 48
285 48
170 47
171 47
172 47
173 47
281 47
282 47
283 47
284 47
285 47
171 46
172 46
173 46
282 46
283 46
284 46
285 46
286 46
171 45
172 45
173 45
283 45
284 45
285 45
286 45
287 45
171 44
172 44
173 44
283 44
284 44
285 44
286 44
287 44
288 44
289 44
171 43
172 43
173 43
174 43
285 43
286 43
287 43
288 43
289 43
290 43
291 43
171 42
172 42
173 42
174 42
175 42
286 42
287 42
288 42
289 42
290 42
291 42
292 42
171 41
172 41
173 41
174 41
175 41
288 41
289 41
290 41
291 41
292 41
293 41
172 40
173 40
174 40
175 40
176 40
177 40
289 40
290 40
291 40
292 40
293 40
294 40
173 39
174 39
175 39
176 39
177 39
290 39
291 39
292 39
293 39
294 39
174 38
175 38
176 38
177 38
178 38
291 38
292 38
293 38
294 38
295 38
175 37
176 37
177 37
178 37
292 37
293 37
294 37
295 37
296 37
176 36
177 36
178 36
179 36
180 36
293 36
294 36
295 36
296 36
176 35
177 35
178 35
179 35
180 35
293 35
294 35
295 35
296 35
297 35
177 34
178 34
179 34
180 34
181 34
294 34
295 34
296 34
297 34
298 34
178 33
179 33
180 33
181 33
295 33
296 33
297 33
298 33
299 33
178 32
179 32
180 32
181 32
182 32
295 32
296 32
297 32
298 32
299 32
179 31
180 31
181 31
182 31
296 31
297 31
298 31
299 31
300 31
179 30
180 30
181 30
182 30
183 30
297 30
298 30
299 30
300 30
301 30
180 29
181 29
182 29
183 29
184 29
185 29
186 29
187 29
188 29
189 29
190 29
191 29
192 29
193 29
194 29
195 29
196 29
197 29
198 29
199 29
200 29
297 29
298 29
299 29
300 29
301 29
181 28
182 28
183 28
184 28
185 28
186 28
187 28
188 28
189 28
190 28
191 28
192 28
193 28
194 28
195 28
196 28
197 28
198 28
199 28
200 28
201 28
298 28
299 28
300 28
301 28
183 27
184 27
185 27
186 27
187 27
188 27
189 27
190 27
191 27
192 27
193 27
194 27
195 27
196 27
197 27
198 27
199 27
200 27
201 27
202 27
203 27
299 27
300 27
301 27
302 27
303 27
187 26
188 26
189 26
190 26
191 26
192 26
193 26
194 26
195 26
196 26
197 26
198 26
199 26
200 26
201 26
202 26
203 26
300 26
301 26
302 26
303 26
199 25
200 25
201 25
202 25
203 25
300 25
301 25
302 25
303 25
201 24
202 24
203 24
301 24
302 24
303 24
304 24
201 23
202 23
203 23
301 23
302 23
303 23
304 23
200 22
201 22
202 22
203 22
302 22
303 22
304 22
305 22
200 21
201 21
202 21
203 21
302 21
303 21
304 21
305 21
200 20
201 20
202 20
203 20
204 20
205 20
206 20
207 20
208 20
209 20
210 20
211 20
212 20
213 20
214 20
215 20
216 20
217 20
218 20
219 20
220 20
221 20
222 20
223 20
224 20
225 20
226 20
227 20
228 20
229 20
230 20
231 20
232 20
233 20
234 20
235 20
236 20
237 20
238 20
239 20
240 20
241 20
242 20
243 20
244 20
245 20
246 20
247 20
248 20
249 20
250 20
251 20
252 20
253 20
254 20
255 20
256 20
257 20
258 20
259 20
260 20
261 20
262 20
263 20
264 20
265 20
266 20
267 20
268 20
269 20
270 20
271 20
272 20
273 20
274 20
275 20
276 20
277 20
278 20
279 20
280 20
281 20
282 20
283 20
284 20
285 20
286 20
287 20
288 20
289 20
290 20
291 20
292 20
293 20
294 20
295 20
296 20
297 20
298 20
299 20
300 20
301 20
302 20
303 20
304 20
305 20
200 19
201 19
202 19
203 19
204 19
205 19
206 19
207 19
208 19
209 19
210 19
211 19
212 19
213 19
214 19
215 19
216 19
217 19
218 19
219 19
220 19
221 19
222 19
223 19
224 19
225 19
226 19
227 19
228 19
229 19
230 19
231 19
232 19
233 19
234 19
235 19
236 19
237 19
238 19
239 19
240 19
241 19
242 19
243 19
244 19
245 19
246 19
247 19
248 19
249 19
250 19
251 19
252 19
253 19
254 19
255 19
256 19
257 19
258 19
259 19
260 19
261 19
262 19
263 19
264 19
265 19
266 19
267 19
268 19
269 19
270 19
271 19
272 19
273 19
274 19
275 19
276 19
277 19
278 19
279 19
280 19
281 19
282 19
283 19
284 19
285 19
286 19
287 19
288 19
289 19
290 19
291 19
292 19
293 19
294 19
295 19
296 19
297 19
298 19
299 19
300 19
301 19
302 19
303 19
304 19
305 19
201 18
202 18
203 18
204 18
205 18
206 18
207 18
208 18
209 18
210 18
211 18
212 18
213 18
214 18
215 18
216 18
217 18
218 18
219 18
220 18
221 18
222 18
223 18
224 18
225 18
226 18
227 18
228 18
229 18
230 18
231 18
232 18
233 18
234 18
235 18
236 18
237 18
238 18
239 18
240 18
241 18
242 18
243 18
244 18
245 18
246 18
247 18
248 18
249 18
250 18
251 18
252 18
253 18
254 18
255 18
256 18
257 18
258 18
259 18
260 18
261 18
262 18
263 18
264 18
265 18
266 18
267 18
268 18
269 18
270 18
271 18
272 18
273 18
274 18
275 18
276 18
277 18
278 18
279 18
280 18
281 18
282 18
283 18
284 18
285 18
286 18
287 18
288 18
289 18
290 18
291 18
292 18
293 18
294 18
295 18
296 18
297 18
298 18
299 18
300 18
301 18
302 18
303 18
304 18
202 17
203 17
204 17
205 17
206 17
207 17
208 17
209 17
210 17
211 17
212 17
213 17
214 17
215 17
216 17
217 17
218 17
219 17
220 17
221 17
222 17
223 17
224 17
225 17
226 17
227 17
228 17
229 17
230 17
231 17
232 17
233 17
234 17
235 17
236 17
237 17
238 17
239 17
240 17
241 17
242 17
243 17
244 17
245 17
246 17
247 17
248 17
249 17
250 17
251 17
252 17
253 17
254 17
255 17
256 17
257 17
258 17
259 17
260 17
261 17
262 17
263 17
264 17
265 17
266 17
267 17
268 17
269 17
270 17
271 17
272 17
273 17
274 17
275 17
276 17
277 17
278 17
279 17
280 17
281 17
282 17
283 17
284 17
285 17
286 17
287 17
288 17
289 17
290 17
291 17
292 17
293 17
294 17
295 17
296 17
297 17
298 17
299 17
300 17
301 17
302 17
303 17
0 0
1 0
2 0
3 0
4 0
5 0
6 0
7 0
8 0
9 0
10 0
11 0
12 0
13 0
14 0
15 0
16 0
17 0
18 0
19 0
20 0
21 0
22 0
23 0
24 0
25 0
26 0
27 0
28 0
29 0
30 0
31 0
32 0
33 0
34 0
35 0
36 0
37 0
38 0
39 0
40 0
41 0
42 0
43 0
44 0
45 0
46 0
47 0
48 0
49 0
50 0
51 0
52 0
53 0
54 0
55 0
56 0
57 0
58 0
59 0
60 0
61 0
62 0
63 0
64 0
65 0
66 0
67 0
68 0
69 0
70 0
71 0
72 0
73 0
74 0
75 0
76 0
77 0
78 0
79 0
80 0
81 0
82 0
83 0
84 0
85 0
86 0
87 0
88 0
89 0
90 0
91 0
92 0
93 0
94 0
95 0
96 0
97 0
98 0
99 0
100 0
101 0
102 0
103 0
104 0
105 0
106 0
107 0
108 0
109 0
110 0
111 0
112 0
113 0
114 0
115 0
116 0
117 0
118 0
119 0
120 0
121 0
122 0
123 0
124 0
125 0
126 0
127 0
128 0
129 0
130 0
131 0
132 0
133 0
134 0
135 0
136 0
137 0
138 0
139 0
140 0
141 0
142 0
143 0
144 0
145 0
146 0
147 0
148 0
149 0
150 0
151 0
152 0
153 0
154 0
155 0
156 0
157 0
158 0
159 0
160 0
161 0
162 0
163 0
164 0
165 0
166 0
167 0
168 0
169 0
170 0
171 0
172 0
173 0
174 0
175 0
176 0
177 0
178 0
179 0
180 0
181 0
182 0
183 0
184 0
185 0
186 0
187 0
188 0
189 0
190 0
191 0
192 0
193 0
194 0
195 0
196 0
197 0
198 0
199 0
200 0
201 0
202 0
203 0
204 0
205 0
206 0
207 0
208 0
209 0
210 0
211 0
212 0
213 0
214 0
215 0
216 0
217 0
218 0
219 0
220 0
221 0
222 0
223 0
224 0
225 0
226 0
227 0
228 0
229 0
230 0
231 0
232 0
233 0
234 0
235 0
236 0
237 0
238 0
239 0
240 0
241 0
242 0
243 0
244 0
245 0
246 0
247 0
248 0
249 0
250 0
251 0
252 0
253 0
254 0
255 0
256 0
257 0
258 0
259 0
260 0
261 0
262 0
263 0
264 0
265 0
266 0
267 0
268 0
269 0
270 0
271 0
272 0
273 0
274 0
275 0
276 0
277 0
278 0
279 0
280 0
281 0
282 0
283 0
284 0
285 0
286 0
287 0
288 0
289 0
290 0
291 0
292 0
293 0
294 0
295 0
296 0
297 0
298 0
299 0
300 0
301 0
302 0
303 0
304 0
305 0
306 0
307 0
308 0
309 0
310 0
311 0
312 0
313 0
314 0
315 0
316 0
317 0
318 0
319 0
320 0
321 0
322 0
323 0
################# 
################# 
